0  1  1  0.056538
../data/SS-C.csv took 48.428876638412476

98  99  99  0.048116
../data/auto93.csv took 4.784468412399292

98  99  99  0.084831
../data/pom3a.csv took 8.556357860565186

0  1  1  0.063126
../data/wine.csv took 53.23386907577515

98  99  99  0.072611
../data/SS-A.csv took 37.65869402885437

0  1  1  0.012835
../data/dtlz2.csv took 16.64737319946289

0  1  1  0.071696
../data/dtlz3.csv took 25.057575941085815

0  1  1  0.017181
../data/dtlz4.csv took 12.822602987289429

0  1  1  0.016825
../data/dtlz5.csv took 11.731685876846313

0  1  1  0.007466
../data/dtlz6.csv took 4.228039979934692

0  1  1  0.026845
../data/dtlz7.csv took 12.89297604560852
